20170824_000010001.jpg  0  0  0  0  5.43472e-323  5.18388e-317  0 0  307.279
20170824_000010002.jpg  0  0  0  0  5.43472e-323  5.18388e-317  0 0  283.395
20170824_000010003.jpg  0  0  0  0  5.43472e-323  5.18388e-317  0 0  307.023
20170824_000010004.jpg  0  0  0  0  5.43472e-323  5.18388e-317  0 0  307.023
20170824_000010005.jpg  0  0  0  0  5.43472e-323  5.18388e-317  0 0  282.871
20170824_000010006.jpg  0  0  0  0  5.43472e-323  5.18388e-317  0 0  306.53
20170824_000010007.jpg  0  0  0  0  5.43472e-323  5.18388e-317  0 0  306.53
20170824_000010008.jpg  0  0  0  0  5.43472e-323  5.18388e-317  0 0  282.408
20170824_000010009.jpg  0  0  0  0  5.43472e-323  5.18388e-317  0 0  306.095
20170824_000010010.jpg  0  0  0  0  5.43472e-323  5.18388e-317  0 0  306.095
20170824_000010011.jpg  0  0  0  0  5.43472e-323  5.18388e-317  0 0  282
20170824_000010012.jpg  0  0  0  0  5.43472e-323  5.18388e-317  0 0  305.71
20170824_000010013.jpg  0  0  0  0  5.43472e-323  5.18388e-317  0 0  305.71
20170824_000010014.jpg  0  0  0  0  5.43472e-323  5.18388e-317  0 0  281.637
20170824_000010015.jpg  0  0  0  0  5.43472e-323  5.18388e-317  0 0  305.367
20170824_000010016.jpg  0  0  0  0  5.43472e-323  5.18388e-317  0 0  305.367
