imname << h_x << h_y << output_pos.longitude << output_pos.latitude << heading << output_pos.heading_absolute 
<< output_pos.heading_relative << (output_pos.heading_absolute + output_pos.heading_relative - heading) << output_pos.channel
20170824_000010001.jpg  115.5231028  38.77878103  0  0  58.689  0  -4.154000019  -62.84300002  144
20170824_000010002.jpg  115.523116  38.77878713  0  0  58.687  0  -4.154000019  -62.84100002  144
20170824_000010003.jpg  115.5231293  38.77879323  0  0  58.687  0  -4.154000019  -62.84100002  144
20170824_000010004.jpg  115.5231293  38.77879323  0  0  58.687  0  -4.154000019  -62.84100002  144
20170824_000010005.jpg  115.5231426  38.77879934  0  0  58.686  0  -4.154000019  -62.84000002  144
20170824_000010006.jpg  115.5231558  38.77880545  0  0  58.681  0  -4.154000019  -62.83500002  144
20170824_000010007.jpg  115.5231558  38.77880545  0  0  58.681  0  -4.154000019  -62.83500002  144
20170824_000010008.jpg  115.5231691  38.77881156  0  0  58.675  0  -4.154000019  -62.82900002  144
20170824_000010009.jpg  115.5231824  38.77881768  0  0  58.664  0  -4.154000019  -62.81800002  144
20170824_000010010.jpg  115.5231824  38.77881768  0  0  58.664  0  -4.154000019  -62.81800002  144
20170824_000010011.jpg  115.5231957  38.7788238  0  0  58.658  0  -4.154000019  -62.81200002  144
20170824_000010012.jpg  115.523209  38.77882993  0  0  58.652  0  -4.154000019  -62.80600002  144
20170824_000010013.jpg  115.523209  38.77882993  0  0  58.652  0  -4.154000019  -62.80600002  144
20170824_000010014.jpg  115.5232224  38.77883607  0  0  58.648  0  -4.154000019  -62.80200002  144
20170824_000010015.jpg  115.5232357  38.77884221  0  0  58.645  0  -4.154000019  -62.79900002  144
20170824_000010016.jpg  115.5232357  38.77884221  0  0  58.645  0  -4.154000019  -62.79900002  144
